+49350179560
+49341128300701
+4930403680800
+496221568611
+4930443100
+4991194371102
+49351879960
+493412352308
+49301868145771
+496221438296
+49302545040
+4956193590
+499111790
+496196790
+499131810400
+4926189613103
+4930130010
+4930284600
+4962217282182
+49391626392411
+4930911440
+4969698130
+4968193020
+4971125403900
+4969247080
+49302576790
+496221565888
+49307730720
+4924156152113
+493018172655
+4930183002100
+4922189920
+49308390010
+49341355361000
+4922841080
+491723685821
+492289452240
+4993141000
+4934513320
+497229185120
+496967000
+492216728626
+4933812660
+493046403100
+4951167980
+4930258000
+4934529280
+496115516715
+49421238000
+493055555
+4923190580
+49832167552102
+4965136090
+4921198630
+4972118090
+49306399060
+496221836111
+49211944850
+4934021030
+49222688297545000
+33369322701
+4956172940
+492288830
+49201279630
+49336177320
+492615050
+3222742060
+496221653797
+4991113310
+493040040400
+4976127140
+4930200574000
+3227379000
+33155583112
+49361601760
+49800262626
+49302000990
+493917277630
+49228995290
+4965191290
+496159710
+496221389360
+4939762500
+4961319790
+493514640801
+4934555850
+49713189700
+49451388850
+496221566110
+4951136570
+493024636306
+4962219141274
+4962214264975
+4930259272820
+49713320060
+493023634080
+49762890500
+498921080
+49622120451
+492284060
+492283867343
+49622120595
+4953135450
+4920124200
+49258794114031
+49332035810
+49713696260
+492461610
+498718060
+499342934890
+492217580
+4962214339491
+493341581511
+4962215847980
+492241143272
+4949218020
+4933274670
+49613593230
+4922894990
+49308650
+49761200402
+49681967020
+49364384686
+4950218877700
+494037070
+496967868870
+49303838660
+4962214340281
+4951436215
+494141787070
+497131797740
+4983829313100
+49345472390
+497119702124
+493020377481
+49307877070
+4907667906630
+4989126030
+4971195520
+494725815930
+49413691260
+4975524052010
110
+494066900
+496221473812
+49622137040
+4922899358
+493641656000
+4942516729890
+4953123558110
+4930185808245
+4930390010
+496815016212
+496221840740
+4976131980
+49952194350
+49622190200
+4950514750
+493932338874
+4962215843500
+4938112810
+493946470
+494065411
+492018401151
+493831249540
+493025993300
+493085404170
+4947258190
+4953135480
+49611550
+4922137760
+493094793100
+4930184120
+493855113110
+493020370242
+4938180250
+4930185809430
+492241143000
+4924160850
+492214785600
+4944216862821
+49221376800
+492289941040
+492284290
+497261976386
+49556291460
+49511950852220
+496221564002
+4922832940
+4933762450130
+49228996820
+4968949800
+492323162106
+4962215132090
+4962115810
+4948528850
+4952317410
+495137825290
+4924190910
+496221182334
+49228996810
+493355632046
+494042825593
+4940866480
+4938574520
+4930208987650
+49703121280
+49228140
+49302787780
+49819191520
+4930184000
+4930183050
+4935179557212
+4930182720
+4925187010
+493034637000
+49228400010
+49341600550
+4923190710
+4935147720
+4962218680500
+49228993583666
+495618041870
+4968158660
+4940421070010
+49696109430
+4940432020
+496221420
+494042834219
+494413602150
+4939128870
+4968183080000
+49228810070
+49722918512220
+4969269590
+48918116740
+4930184002070
+4922855040
+4922120570
+4920885980
+4941528469123
+4933432820
+49228996400
+49674192030
+4928229130360
+497119440
+491805021021
+49511336110
+49302063290
+96714852120
+4930185800
+49302592970
+4954598028452
+496221600101
+49841965060
+4930390060
+495513920287
+496583993930
+4989599500
+493030881010
+4976211700
+496221393422
+495251879150
+49154388850
+49613394060
+4938301860
+4930183002250
+4922149860
+4969365062630
+496934004999
+493083040
+496623919513
+493328330280
+499351990640
+491606966016
+4994228080
+49231976770
+496925616161607
+49761282980
+49362062450
+494511224250
+31433661317
+4935146590
+4921156530050
+4930885890
+498921862123
+4944120939211
+493051680
+496298280
+4923141930
+492461619431
+493582377300
+4951921298260
+492615794205534
+492288330
+492213403080
+494313603300
+4940239080
+49384369300
+4930183330
+49622171320
+497141899283
+4922820910
+49892422780
+497119559850
+494212246126
+4933174990
+16098447630
+495151924512
+4921518500
+4953123558099
+496221567856
+4939088903010
+499913615678
+4962217274466
+4989500950
+49330936080
+4962215132060
+49301877700
+4921133890
+4962215838360
+49611752235
+49615170010
+49511950852920
+97226284792
+4969478630
+4993141050
+49451490550
+4936418040
+4962215025850
+496201268920
+49592188040
+4933200880
+3227380320
+49228996800
+4930259920
+4972181910
+49358187910
+492284470
+49711550400
+4930397870
+49911360590
+49627180760
+496221564002400
+4934529970
+4956110060
+493034810
+493034750
+49220390540
+496221410000
+492283689370
+494419290
+495971916250
+4953161816001
+4922891220
+4985195519533
+4971121655382
+4936233530
+49221973500
+4915229501835
+4993429221701
+496221507401
+4964049242000
+4933197140
+49228995350
+982122216339
+4989548560
+4943136030
+4972118331
+4930377110
+496115410770
+4922249210
+493518230
+49511169980
+493381266452
+49721565060
+494318805084
+4930184411452
+49228996290
+497116155570
+49531590990
+494131759950
116117
+49404262060
+495819460150
+3265444969
+4961514070
+494718002229
+49301868110920
+49622114220
+494152870
+49622128838
+4930185551855
+493312882500
+493518233031
+4969758970
+4948219020
+4973116903060
+49301868144286
+491803767346
+49711228160
+495363973000
+493327502044
+4962216516767
+493834881000
+4972160910
+4942187190373
+496969033301
+4930200573247
+4948616150
+492216720
+4972197290
+496221566999
+498001110222
+498001110333
+49696700338
+3227401620
+49632492400
+49622153750
+4951167830
+4975735040
+493063922600
+4951198850
+4993179430
+499113760
+493932273311
+495141933550
+4930690090
+496971470
+4926139080
+4951153500
+49611754863
+4923423953731
+49461141490
+49621123501
+4921133821
+4991167096511
+4955419520
+494316000
+498928895
+495931848170
+495117628989
+4930186814336
+4938779234333
+493022691844
+493020649134
+49674287150
+4923113920
+493583540860
+493022738100
+49333229100
+4922519530
+492114210
+4926113060
116006
+496131180
+4992816090
+49302545090
+4937312033100
+3227438646
+49228996100
+49345775360
+493049814550
+4968193812100
+4993198070
+4935535740
+4972519382500
+4922855041112
+4998146533540
+4964211840
+4991317760
+4954133010
+49865176821001
+4971448480
+496221374546
+49622165400
+4930186449428
+49302060490
+492204430
+493040050
+494152846910
+49711239770
+491726284659
+4964329402011
+49896807730
+49399252478
+495119033804
+4961313939340
+49333545160
+49361664890
+4939416760
+496980624254
+4962211422018
+4962215132877
+493049810
+49260596400
+49622114650
+4953180120
+49622121317
+496103770
+496221750135
+4935146440
+495312950
+4976127180
+4933644920
+492676952035110
+497119561994
+49306705910
+49352424530
+49899926924710
+49911919930
+493412434112
+4938151970
+496232654381
+4968193000
+495931848150
+4934914340
+494613160
+4942169212211
+4920371340
+492289400
+4976188570
+499561317672
+4930224800
+498002255530
+49391662462380
+4962215860157
+4946131350
+49897463470
+49622187230
+4937437760
+493018177630
+496221181588
+4961517050
+4938293680
+493025980
+49492291280
+492034109590
+4934122710
+496221911911
+496131146720
+49302849390
+4992178693120
+4994207541002
+4930266451500
+4957051443130
+496221970368
+493050150810
+49431200834000
+49228996150
+4934567830
+4922140010
+4962215820580
+4930183000
+49257193950
+494313841011
+499119430
+49643295280
+4926198190
+49303009030
+492616799920
+4944017080
+4953126160
+495933934590
+4922844600
+4957229682100
+493081040
+4930770030
+49773299480
+49511866994444
+4961969080
+492251180
+4922884910
+4952130470
+493871451030
+4942150991
+49308891408591
+493355630
+4963134270
+4930184002030
+902123937600
+495416003542
+49394647100
+493412310390
+4935126073001
+4951191150
+494412172400
+49265149600
+493643430130
+494031908311
+492116193400
+493443331708
+493028410
+49911206450
+498000116016
+496978072600
+492618960
+49421343400
+49911580617500
+49261983760
+4934555890
+4939150740
+49303198950
+4991143000
+4922854069
+4993197070
+494039800
+499745345010
+49351473850
+4962144560
+4935142430
+496214830345
+494069470
+4962215837220
+4933342760
+4920334870
+498931686050
+4930187140
+4922899740000
+49267160230
+4999416030
+4976115090
+4962213544917
+390415206355
+4930259200
+4937149010
+33388432003
+4930203040
+49301868111120
+49622191170
+497631902101
+493443331009
+4951130330
+494318814555
+49251534050
+49895203090
+496980620
+497251982540
+49773182050
+4969256160
+4962142952115
+49622113020
+498962271630
+493421729511
+4938313560
+496221507700
+49692385510
+4945371880
+4922039081610
+49711255520
+4924189060
+4972122656
+49441210250
+492281070
+493018171270
+49371335180
+49622992150
+496196793500
+49060213950
+492343040
+4942121856750
+493381266462
+4930726161216
+493028878956
+4936774670
+4962215829999
+4960213850
+493046777790
+495116430
+49228994010
+498992240
+49203393420
+49251239381
+496441447990
+4930310020
+495315963102
+49583298300
+4962215828050
+4943154091650
+49342590400
+492289977990
+4962215830000
+4930629800
+4930187210
+49622191205156
+4934112479351
+49622113120
+492288310
+493094060
+4903313160
+492323922350
+4971125552433
+49361349630
+4922830770
+494921802400
+4971168620
+49371560198203
+49304146457
+499661908400
+4962215815500
+4918887711311
+496221712295
+492289995820
+498931870
+492217920
+4968819260
+49731962540
+495117797101
+49431200830
+17033903303
+497112846454
+493415950
+49622120748
+493020617322
+4943315940
+4962213960
+493915045450
+495517090
+4940808034311
+493025486112
+493081920
+4933150590
+493312899157
+492664503408
+498586979074800
+496221833088690
+49221476940
+497216080
+4934149190
+4968979071251
+493094061300
+499518633400
+49933250490
+492289977120
+4925186700
+494919606780
+4930695830
+49361223230
+495116432302
+4942611880
+492633472950
+49331979970
+49331281570
+49511348420
+49917447320
+493018174023
+4939153735
+493024511009
+49692578290
+4930185809010
+4922899570
+495315920
+4991124930
+49302639480
+497247808555
+493312882100
+49302636960
+495472949910
+4939140900
+499545445500
+49621419910
+49228993053761
+4970719790
+4938208685
+493514695541
+496221184290
+49561932790
+4961359323
+4943133950
+38445251450
+49511956650
+493067941913
+4930369930
+4930202250
+4971197000
+496221862212
+494421491
+4940428180
+4971152100
+493834554300
+4922136730
+4960213120
+49615191800
+49228993050
+4969507750
+4930284910
+4989320040
+492083061
+4993197073160
+4933762770
+498001110550
+49699758180
+4942183910
+4973196480
+49622113708613
+49962178470
+4936134820
+49941297140
+49398282530
+49622164610
+49215492510
+496131979111
+4956231205
+493040040300
+493050001177
+4933156810
+4935146790
+4952158010
+49944291860
+4972191010
+493512537300
+49545980280
+4962215832000
+96415530793
+4989126880
+4947215670
+4962142954212
+49228923790
+494419293333
+493356639590
+493614321800
+4935188230
+4949416020
+49228987270
+4923631040
+4991194328655
+4922855046101
+493514640701
+496994437111
+4963168000
+49301870300
+4936414054
+4996139177200
+49447118070
+49089299775
+49333685460
+4976151420
+4951187010
+4930185290
+4989699370
+4933127721111
+49421160820
+4956131071
+494316070
+493581464501
+4936418070
+4930203720
+497211590
+4991167096540
+4940507117100
+4981614910
+4930648450
+492289596221
+493414667100
+4972166250
+4962215813760
+4947114290100
+493025906473
+498459801
+498921791
+495192136201
+4922854020
+495513920288
+49358147605100
+498912580
+497119704001
+493616531221110
+497119410
+49403500120
+496975420
+495237910
+4963218940
+4991194630
+4934555820
+492289300
+4962215810580
+49622120666
+496960600
+493518432360
+4956819970
+4921121010
+493512553700
+4930184010
+494401708340
+4940361370
+4962215828090
+4940819080
+498651790
+4930275770
+496221602597
+498992310
+49228994060
+493922283205
+4922833888230
+496181923380
+493063921505
+49302045690
+494316672486970
+496151869100
+494721567400
+492288318003
+49228995500
+4968193300
+495461945910
+493026394311
+49511676750
+4922895550
+494008001
+4956193670
+4950348710
+493020199431
+4938845449290
+49302607400
+4922881630
+4962215832011
+496221715599
+493461331653
+492289089930
+4971122250
+3907096430
+49897806090
+4954120197110
+4935125860
+4946519560
+492282000
+494405929010
+49221222550
+493018172577
+496781510
+4922137780
+49304170740
+497218196401
+496221141024
+4922137710
+4930182424242
+49711238900
+4930202645050
+496974313030
+492289996210310
+4961037070
+4922177620
+4925127080
+4962219987370
+496221182738
+4934120070
+4989510900
+4962214880
+493512616214
+4922896560
+4937145000
+493032303490
+49228993580
+496974310
+49251981680
+49714488860
+4926514970
+49894366310
+4918026622464
+4967213060
+4953121550
+496196777260
+49387565000
+49812295900
+4994181090
+491794883084
+4935629520
+496221600292
+4953138090
+49330120470
+4930857810
+49345681780
+4961318020
+494682948500
+4950218003010
+49650793810
+4930184012770
+4922412380
+49263294622001
+49302022080
+49306548150
+49302400870
+4930897890
+493641947601
+49232398500
+4962215835035
+4922891650
+493020000
+96265346924
+4940428200
+49899926923480
+495315960
+493336261890
+496345410
+4930285340
+4930263970
+4953123558410
+496221911944
+4962215838330
+4965114630
+49613191240
+4961317851
+4922044070
+493839112111
+4953161810
+497214640392
+4971125930
+4930641815
+4962215810260
+4943188141
+493660193010
+497119484953
+496222922516
+4933156990
+4924160980
+4942122460
+498003020103
+39064888141
+493816363132
+49441961950
+4968160020
+4922519533001
+4934122200
+492066418111
+4940866484310
+498937558495001
+498959950
+49223257939818
+49228185150
+39064425931
+4941925020
+494218304410
+49383483120
+49228995270
+493370178131
+49731189960
+4922899406
+495112841905
+4961313890
+49341309770
+4930183336710
+493020629980
+49221924260
+4922895300
+493835170
+493024728014
+492614000
+4971113560
+493018570
+49622126498
+496221840666
+4936134269210
+49938184830
+49911580610
+4958190790
+493050010400
+4935322520
+441895826380
+4922899170
+4940238317555
+492415610
+494131400590
+496923880
+49561766823002
+494921802430
+4976151590
+493974650290
+4935188250
+492289930730
+496221884074405
+49336784330
+49803130060
+4922870900
+493028876980
+4933283520
+49302270
+49301877110
+4989510902
+496915250
+492219318170
+49307261610
+302103307400
+49228377860
+4926191437222
+4956916290
+4992218031
+49531866030
+4942318980
+491805304505
+496131562570
+498912490
+4982150120
+49681389770
+49251871060
+49228992400
+494421687
+493046460
+4991120000
+49228993000
+4989329901
+493020149
+498419311404
+496221600908
+498912050
+49622128888
+4968719050
+492281071608
+4922830320550
+4924189040
+492519362451
+4922157760
+4973489807010
+497211550
+4930266447500
+496217270734
+4934127177060
+493049813593
+493341582323
+4960787850
+4923195710
+49696333258
+494542844060
+493018172451
+4962217050101
+4933012000
+49228996430
+49341487370
+49412493655
+4936435450
+49188877110
+4923110840
+495117625409
+49911230880
+49814153601110
+49899926923980
+493491420260
+49303308050
+49302888563
+4962215836100
+494316091
+4922195710
+495931848111
+49911568549160
+49228249990
+4950314050
+4930185270
+49699591040
+4923190510
+495931430
+4930186150
+4922035707111
+4930254910
+4933203480
+4938151965
+4923819019252
+493916724531
+4962217187260
+495119030
+494821170
+493512604427
+492811648690
+49221376890
+4962219830
+4972197260
+4952152460
+4928215970
+492286190
+492218879230
+4937191180
+49937299020
+4961037040
+49303999340
+49351563950
+49431200833000
+498992356
+49301891000
+493031810
+49611751
+4930254890
+49624165350
+49761557700
+498954461611
+493948250
+4924519920
+4955138510
+4954196330
+49228975690
+4940675710
+4930590097309
+4944120600
+4936126360
+4930269356
+4989316030
+4978349790
+49841886602110
+4921187910
+49561310980
+4930185350
+496214830333
+493820945200
+493922283264
+49689380080
+493831249520
+4930187540
+4944211860
+492218060
+493023533671
+4935146580
+49631316000
+4935121046312
+4930184413425
+49228604970
+496983021
+49391506650
+49611752390
+4922039080
+495312995
+492288820
+498997800
+493814024110
+4935188815501
+4971125400
+4981539097500
+492114561187
+4936415321000
+4947148310
+4922855047025
+4922843320310
+493063923001
+496221783575
+493471346090
+4943514670
+496221583700058
+4983212781037
+49228308180
+4962216511971
+49258194114602
+4991194317962
+49385591410
+4980318052684
+497119220
+49633256653
+49622190100
+4930186156114
+4962214352470
+49911235680
+496221183643
+496221439961
+497119702500
+495111260740
+493512600
+4952712411
+4940235010
+498928676760
+49711520410
+4930186820
+4926198369214221423
+4922830320300
+49228996297001
+4930408140
+496117990
+492511333980
+49972164640
+496963331
+4989121490
+49622122727
+495312993401
+493063923530
+492288851
+492066993970
+4989159210
+4956193593312
19222
+493378805931
+49433113220
+496926957790
+4950329610
+49338553980
+493018177306
+49331200980
+498921951000
+492819423190
+494166698
+496966700
+4949191950
+49228995800
+493040040200
+4965114480
+495541999910
+49228995150
+493421729530
+498153280
+4962214312440
+4940480510
+4933170190
+31455263691
+4929723020
+49384146090
+4920181490
+493018172673
+49336274070
+4943154090
+496221566282
+49894363038983174
+494031900
+496221528700
+4947959410100
+49221976680
+49351843250
+49431982770
+4953123550
+9631137498130
+4933164610
+49931355760
+493068297911
+498009966009
+49632192629
+494512031715
+496221616640
+4997212060
+493044320
+4975717360
+49228207170
112
+493443330
+4981572730
+4940441100
+49228962012001
+4933627930
+49221916570
+4930200572000
+492289968450
+4935146540
+49302308220
+496512012877
+4989440046507
+4971419190
+497851485660
+4989159380
+49228949270
+4940236560
+493018174764
+492515062092
+498931871301
+4947148350
+4921611851141
+4930515480
+4961511550
+4962213190
+492118740
+492289459830
+4936134260
+493991181550
+4930880070
+493534280331
+4971154013600
+4962215070
+4930184002050
+495192120
+4970712987641
+4935181450
+49941798810
+49410393140
+4938145635
+492241142500
+49622116146452
+49228993700
+4935121346125
+4942153780
+4942117610
+492283776600
+4942138971141
+496221781334
+4962215132030
+4936122360
+4922891710
+49302660
+49841886600
+49683112712605
+498997590600
+4921143060
+49851955190
+498341920
+4949328698960
+496213921249
+499419435450
+4925148140
+4962215260
+49689790710
+49622191070
+34914110163
+4922036010
+49928184041403
+494421490
+4934202772410
+49931619930
+4921177780
+49696060600
+4991194381000
+496995660
+4920345040
+4930186810
+49403068600
+496221566914
+49895470880
+493915350
+4943133940
+4994120860
+49653196370
+4962112460
+4938312490
+4992146010
+49390466030
+49973278488
+4953123558550
+496221564466
+495619280
+4918444000
+49895427060
+4976145880
+20227352321
+4922120680
+496221302122
+4962215625000
+4934156340
+494231970795
+496221905240
+493814949471
+499913721280
+4962216527550
+4930266412888
+498001110111
+4962218904243
+49228997210
+74952211802
+494141411180
+4952193160
+322333850
+49622158410100
+493517958414403
+49330746780
+49302063280
+49711164890
+4968130270200
+49308181990
+49514138460
+4951191155111
+4930652111763
+4930184413424
+493086585038
115
+49696333317
+4991317610
+4941229862140
+492214706082
+4930185808050
+4930202094101
+492363910040
+49228377870
+492518336033
+496221600888
+4930856112320
+49654293790
+496221507900
+49303101810
+4930854040
+4953123558207
+4940202070
+49228812920
+49442148380
+4922136733673
+49471482070
+4776144400
+4989623060
+492613990
+49351833910
+498161712980
+498912495111
+493036870
+4930770070
+4951192962212
+491802316465
+4962214830
+4933556250
+4969974640
+4920269581102
+49761478170
+493089030
+4938120356281
+4984636520
+492302926237
+3227401640
+4957164580
+49484177650
+48914445900
+4962219070
+4962215813880
+492203591581
+492281071604
+492241142808
+49410497710
+493080620
+49228652556
+497222771390
+4930184458210
+4922895060
+49531866032320
+4962215849150
+4949191954001
+499421430700
+4930670550
+492215692444
+4922412460
+49228996825199
+493412351800
+4962115050
+4972168090
+493301810912
+4980246430
+49623260610
+496818490
+4922897440
+4938564340
+49393387330
+492219377740
+493418600
+49622191120
+4930254810
+4941535580
+4925917990503
+4922898260
+49661679310
+4942153720
+498006888000
+4938847200
+4959719160
+493040046420
+4938125290
+49762691570
+492119593521
+4930695320
+4930200571800
+492362921730
+493915300
+496211830
+495315921901
+494062215811580
+494313840
+4953123558309
+493816596459
+493921900
+4922860884201
+494089980
+49951966660
+498912492663
+49302933600
+498341922018
