AL07 2121 1009 0000 0002 3569
AD02 0001 2030 2003 5910
BE08 5390 0754
BA09 1290 0794 0102
BG00 BNBG 9661 1020 3456
DK00 0040 0440 1162
DE00 7005 1755 0000 0072
EE08 2200 2210 2014
FO00 0040 0440 1162
FI01 1234 5600 0007
FR04 2004 1010 0505 0001 3M02
GE09 NB00 0000 0101 9049
GI05 NWBK 0000 0000 7099
GR06 0110 1250 0000 0001 2300
GL00 0040 0440 1162
GB09 NWBK 6016 1331 9268
IE09 AIBK 9311 5212 3456
IS04 0159 2600 7654 5510 7303
IT00 X054 2811 1010 0000 0123
KZ01 0000 0000 1234
XK05 1212 0123 4567
HR02 1001 0051 8630 0016
LV00 BANK 0000 4351 9500
LT02 1000 0111 0100
LU08 0019 4006 4475
MT04 MALT 0110 0001 2345 MTLC AST0
MK07 3000 0000 0042
MD04 AG00 0225 1000 1310
MC03 2005 2222 1001 1223 3M44
ME05 2020 0001 2345 6789
NL01 ABNA 0417 1643
NO03 8601 1117
AT01 1904 3002 3457
PL07 1140 2004 0000 3002 0135
PT00 0002 0123 1234 5678 9015
RO09 AAAA 1B31 0075 9384
SM02 Y054 3219 8760 0444 5333
SE05 5000 0000 0549 1000
RS05 2600 0560 1001 6113
SK01 1200 0000 1987 4263
SI06 1910 0000 0123
ES01 2100 0418 4502 0005
CZ05 0800 0000 1920 0014
TR03 0006 1005 1978 6457 8413
UA57 3543 4700 0676 2462 0549 2502
HU02 1177 3016 1111 1018 0000
VA59 0011 2300 0012 3456
BY13 NBRB 3600 9000 0000 2Z00 AB00
MR03 0002 0001 0100 0012 3456
MU07 BOMM 0101 1010 3030 0200 000M
ST68 0001 0001 0051 8453 1011
SC18 SSCB 1101 0000 0000 0000 1497
TN09 1420 7207 1007 0712
BR00 0036 0305 0000 1000 9795 493P
VG06 VPVG 0000 0123 4567
CR05 1520 2001 0262 8406
DO00 BAGR 0000 0001 2124 5361
SV62 CENR 0000 0000 0000 0070
GT82 TRAJ 0102 0000 0012 1002
LC62 HEMM 0001 0001 0012 0012 0002
AZ01 NABZ 0000 0000 1370 1000
BH07 BMAG 0000 1299 1234
IL00 0108 0000 0009 9999
JO99 CITI 0010 0000 0000 0123 4567
QA58 DOHB 0000 1234 5678 90AB CDEF
KW01 CBKU 0000 0000 0000 1234 5601
LB02 0999 0000 0001 0019 0122
PK06 SCBL 0000 0011 2345
PS02 PALS 0000 0000 0400 1234 5670
SA03 8000 0000 6080 1016
TL38 0080 0123 4567 8910
TN09 1420 7207 1007 0712
AE00 0331 2345 6789 0123
CY07 0020 0128 0000 0012 0052
